N = 10000;
A = [0.5 0.314286 0.185714];
B = [0  0.571429 0.428571; 0.7 0 0.3; 0.636364 0.363636 0];
C = B^N
P = A*C

