A = [0.4 0.23 0.1 0.27]
B = [-7 5 0 2; 10 -13 3 0; 0 7 -17 10;3 0 5 -8]
C = A*B